  29771 15
  21849 1897
  17860 105
  12782 157181
  11623 712
  10155 1099
   8876 1
   8634 157374
   8496 267
   7032 157221
   6659 721
   6153 420
   6035 5440
   6017 139
   5987 244
   5733 1163
   5722 608
   5617 394
   5432 1311
   5347 2491
   4999 438
   4928 157179
   4732 15384
   4663 28
   4652 970
   4605 1272
   4597 1487
   4512 908
   4507 196
   4456 187
   4419 531
   4335 84
   4196 195
   4111 12477
   4081 644
   4031 1221
   3999 265
   3991 863
   3968 788
   3960 568
   3875 157166
   3799 386
   3729 157346
   3707 26
   3690 407
   3689 773
   3676 157167
   3591 107
   3528 1982
   3387 1575
